4900648500
4900747500
4900846500
4900945500
4901044500
4901143500
4901242500
4901341500
4901440500
4901539500
4901638500
4901737500
4901836500
4901935500
4902034500
4902133500
4902232500
4902331500
4902430500
4902529500
4902628500
4902727500
4902826500
4902925500
4903024500
4903123500
4903222500
4903321500
4903420500
4903519500
4903618500
4903717500
4903816500
4903915500
4904014500
4904113500
4904212500
4904311500
4904410500
4904509500
4904608500
4904707500
4904806500
4904905500
4905004500
4905103500
4905202500
4905301500
4905400500
4905499500
4905598500
4905697500
4905796500
4905895500
4905994500
4906093500
4906192500
4906291500
4906390500
4906489500
4906588500
4906687500
4906786500
4906885500
4906984500
4907083500
4907182500
4907281500
4907380500
4907479500
4907578500
4907677500
4907776500
4907875500
4907974500
4908073500
4908172500
4908271500
4908370500
4908469500
4908568500
4908667500
4908766500
4908865500
4908964500
4909063500
4909162500
4909261500
4909360500
4909459500
4909558500
4909657500
4909756500
4909855500
4909954500
4910053500
4910152500
4910251500
4910350500
4910449500
4910548500
4910647500
4910746500
4910845500
4910944500
4911043500
4911142500
4911241500
4911340500
4911439500
4911538500
4911637500
4911736500
4911835500
4911934500
4912033500
4912132500
4912231500
4912330500
4912429500
4912528500
4912627500
4912726500
4912825500
4912924500
4913023500
4913122500
4913221500
4913320500
4913419500
4913518500
4913617500
4913716500
4913815500
4913914500
4914013500
4914112500
4914211500
4914310500
4914409500
4914508500
4914607500
4914706500
4914805500
4914904500
4915003500
4915102500
4915201500
4915300500
4915399500
4915498500
4915597500
4915696500
4915795500
4915894500
4915993500
4916092500
4916191500
4916290500
4916389500
4916488500
4916587500
4916686500
4916785500
4916884500
4916983500
4917082500
4917181500
4917280500
4917379500
4917478500
4917577500
4917676500
4917775500
4917874500
4917973500
4918072500
4918171500
4918270500
4918369500
4918468500
4918567500
4918666500
4918765500
4918864500
4918963500
4919062500
4919161500
4919260500
4919359500
4919458500
4919557500
4919656500
4919755500
4919854500
4919953500
4920052500
4920151500
4920250500
4920349500
4920448500
4920547500
4920646500
4920745500
4920844500
4920943500
4921042500
4921141500
4921240500
4921339500
4921438500
4921537500
4921636500
4921735500
4921834500
4921933500
4922032500
4922131500
4922230500
4922329500
4922428500
4922527500
4922626500
4922725500
4922824500
4922923500
4923022500
4923121500
4923220500
4923319500
4923418500
4923517500
4923616500
4923715500
4923814500
4923913500
4924012500
4924111500
4924210500
4924309500
4924408500
4924507500
4924606500
4924705500
4924804500
4924903500
4925002500
4925101500
4925200500
4925299500
4925398500
4925497500
4925596500
4925695500
4925794500
4925893500
4925992500
4926091500
4926190500
4926289500
4926388500
4926487500
4926586500
4926685500
4926784500
4926883500
4926982500
4927081500
4927180500
4927279500
4927378500
4927477500
4927576500
4927675500
4927774500
4927873500
4927972500
4928071500
4928170500
4928269500
4928368500
4928467500
4928566500
4928665500
4928764500
4928863500
4928962500
4929061500
4929160500
4929259500
4929358500
4929457500
4929556500
4929655500
4929754500
4929853500
4929952500
4930051500
4930150500
4930249500
4930348500
4930447500
4930546500
4930645500
4930744500
4930843500
4930942500
4931041500
4931140500
4931239500
4931338500
4931437500
4931536500
4931635500
4931734500
4931833500
4931932500
4932031500
4932130500
4932229500
4932328500
4932427500
4932526500
4932625500
4932724500
4932823500
4932922500
4933021500
4933120500
4933219500
4933318500
4933417500
4933516500
4933615500
4933714500
4933813500
4933912500
4934011500
4934110500
4934209500
4934308500
4934407500
4934506500
4934605500
4934704500
4934803500
4934902500
4935001500
4935100500
4935199500
4935298500
4935397500
4935496500
4935595500
4935694500
4935793500
4935892500
4935991500
4936090500
4936189500
4936288500
4936387500
4936486500
4936585500
4936684500
4936783500
4936882500
4936981500
4937080500
4937179500
4937278500
4937377500
4937476500
4937575500
4937674500
4937773500
4937872500
4937971500
4938070500
4938169500
4938268500
4938367500
4938466500
4938565500
4938664500
4938763500
4938862500
4938961500
4939060500
4939159500
4939258500
4939357500
4939456500
4939555500
4939654500
4939753500
4939852500
4939951500
4940050500
4940149500
4940248500
4940347500
4940446500
4940545500
4940644500
4940743500
4940842500
4940941500
4941040500
4941139500
4941238500
4941337500
4941436500
4941535500
4941634500
4941733500
4941832500
4941931500
4942030500
4942129500
4942228500
4942327500
4942426500
4942525500
4942624500
4942723500
4942822500
4942921500
4943020500
4943119500
4943218500
4943317500
4943416500
4943515500
4943614500
4943713500
4943812500
4943911500
4944010500
4944109500
4944208500
4944307500
4944406500
4944505500
4944604500
4944703500
4944802500
4944901500
4945000500
4945099500
4945198500
4945297500
4945396500
4945495500
4945594500
4945693500
4945792500
4945891500
4945990500
4946089500
4946188500
4946287500
4946386500
4946485500
4946584500
4946683500
4946782500
4946881500
4946980500
4947079500
4947178500
4947277500
4947376500
4947475500
4947574500
4947673500
4947772500
4947871500
4947970500
4948069500
4948168500
4948267500
4948366500
4948465500
4948564500
4948663500
4948762500
4948861500
4948960500
4949059500
4949158500
4949257500
4949356500
4949455500
4949554500
4949653500
4949752500
4949851500
4949950500
4950049500
4950148500
4950247500
4950346500
4950445500
4950544500
4950643500
4950742500
4950841500
4950940500
4951039500
4951138500
4951237500
4951336500
4951435500
4951534500
4951633500
4951732500
4951831500
4951930500
4952029500
4952128500
4952227500
4952326500
4952425500
4952524500
4952623500
4952722500
4952821500
4952920500
4953019500
4953118500
4953217500
4953316500
4953415500
4953514500
4953613500
4953712500
4953811500
4953910500
4954009500
4954108500
4954207500
4954306500
4954405500
4954504500
4954603500
4954702500
4954801500
4954900500
4954999500
4955098500
4955197500
4955296500
4955395500
4955494500
4955593500
4955692500
4955791500
4955890500
4955989500
4956088500
4956187500
4956286500
4956385500
4956484500
4956583500
4956682500
4956781500
4956880500
4956979500
4957078500
4957177500
4957276500
4957375500
4957474500
4957573500
4957672500
4957771500
4957870500
4957969500
4958068500
4958167500
4958266500
4958365500
4958464500
4958563500
4958662500
4958761500
4958860500
4958959500
4959058500
4959157500
4959256500
4959355500
4959454500
4959553500
4959652500
4959751500
4959850500
4959949500
4960048500
4960147500
4960246500
4960345500
4960444500
4960543500
4960642500
4960741500
4960840500
4960939500
4961038500
4961137500
4961236500
4961335500
4961434500
4961533500
4961632500
4961731500
4961830500
4961929500
4962028500
4962127500
4962226500
4962325500
4962424500
4962523500
4962622500
4962721500
4962820500
4962919500
4963018500
4963117500
4963216500
4963315500
4963414500
4963513500
4963612500
4963711500
4963810500
4963909500
4964008500
4964107500
4964206500
4964305500
4964404500
4964503500
4964602500
4964701500
4964800500
4964899500
4964998500
4965097500
4965196500
4965295500
4965394500
4965493500
4965592500
4965691500
4965790500
4965889500
4965988500
4966087500
4966186500
4966285500
4966384500
4966483500
4966582500
4966681500
4966780500
4966879500
4966978500
4967077500
4967176500
4967275500
4967374500
4967473500
4967572500
4967671500
4967770500
4967869500
4967968500
4968067500
4968166500
4968265500
4968364500
4968463500
4968562500
4968661500
4968760500
4968859500
4968958500
4969057500
4969156500
4969255500
4969354500
4969453500
4969552500
4969651500
4969750500
4969849500
4969948500
4970047500
4970146500
4970245500
4970344500
4970443500
4970542500
4970641500
4970740500
4970839500
4970938500
4971037500
4971136500
4971235500
4971334500
4971433500
4971532500
4971631500
4971730500
4971829500
4971928500
4972027500
4972126500
4972225500
4972324500
4972423500
4972522500
4972621500
4972720500
4972819500
4972918500
4973017500
4973116500
4973215500
4973314500
4973413500
4973512500
4973611500
4973710500
4973809500
4973908500
4974007500
4974106500
4974205500
4974304500
4974403500
4974502500
4974601500
4974700500
4974799500
4974898500
4974997500
4975096500
4975195500
4975294500
4975393500
4975492500
4975591500
4975690500
4975789500
4975888500
4975987500
4976086500
4976185500
4976284500
4976383500
4976482500
4976581500
4976680500
4976779500
4976878500
4976977500
4977076500
4977175500
4977274500
4977373500
4977472500
4977571500
4977670500
4977769500
4977868500
4977967500
4978066500
4978165500
4978264500
4978363500
4978462500
4978561500
4978660500
4978759500
4978858500
4978957500
4979056500
4979155500
4979254500
4979353500
4979452500
4979551500
4979650500
4979749500
4979848500
4979947500
4980046500
4980145500
4980244500
4980343500
4980442500
4980541500
4980640500
4980739500
4980838500
4980937500
4981036500
4981135500
4981234500
4981333500
4981432500
4981531500
4981630500
4981729500
4981828500
4981927500
4982026500
4982125500
4982224500
4982323500
4982422500
4982521500
4982620500
4982719500
4982818500
4982917500
4983016500
4983115500
4983214500
4983313500
4983412500
4983511500
4983610500
4983709500
4983808500
4983907500
4984006500
4984105500
4984204500
4984303500
4984402500
4984501500
4984600500
4984699500
4984798500
4984897500
4984996500
4985095500
4985194500
4985293500
4985392500
4985491500
4985590500
4985689500
4985788500
4985887500
4985986500
4986085500
4986184500
4986283500
4986382500
4986481500
4986580500
4986679500
4986778500
4986877500
4986976500
4987075500
4987174500
4987273500
4987372500
4987471500
4987570500
4987669500
4987768500
4987867500
4987966500
4988065500
4988164500
4988263500
4988362500
4988461500
4988560500
4988659500
4988758500
4988857500
4988956500
4989055500
4989154500
4989253500
4989352500
4989451500
4989550500
4989649500
4989748500
4989847500
4989946500
4990045500
4990144500
4990243500
4990342500
4990441500
4990540500
4990639500
4990738500
4990837500
4990936500
4991035500
4991134500
4991233500
4991332500
4991431500
4991530500
4991629500
4991728500
4991827500
4991926500
4992025500
4992124500
4992223500
4992322500
4992421500
4992520500
4992619500
4992718500
4992817500
4992916500
4993015500
4993114500
4993213500
4993312500
4993411500
4993510500
4993609500
4993708500
4993807500
4993906500
4994005500
4994104500
4994203500
4994302500
4994401500
4994500500
4994599500
4994698500
4994797500
4994896500
4994995500
4995094500
4995193500
4995292500
4995391500
4995490500
4995589500
4995688500
4995787500
4995886500
4995985500
4996084500
4996183500
4996282500
4996381500
4996480500
4996579500
4996678500
4996777500
4996876500
4996975500
4997074500
4997173500
4997272500
4997371500
4997470500
4997569500
4997668500
4997767500
4997866500
4997965500
4998064500
4998163500
4998262500
4998361500
4998460500
4998559500
4998658500
4998757500
4998856500
4998955500
4999054500
4999153500
4999252500
4999351500
4999450500
4999549500
