605681204
605780204
605879204
605978204
606077204
606176204
606275204
606374204
606473204
606572204
606671204
606770204
606869204
606968204
607067204
607166204
607265204
607364204
607463204
607562204
607661204
607760204
607859204
607958204
608057204
608156204
608255204
608354204
608453204
608552204
608651204
608750204
608849204
608948204
609047204
609146204
609245204
609344204
609443204
609542204
609641204
609740204
609839204
609938204
610037204
610136204
610235204
610334204
610433204
610532204
610631204
610730204
610829204
610928204
611027204
611126204
611225204
611324204
611423204
611522204
611621204
611720204
611819204
611918204
612017204
612116204
612215204
612314204
612413204
612512204
612611204
612710204
612809204
612908204
613007204
613106204
613205204
613304204
613403204
613502204
613601204
613700204
613799204
613898204
613997204
614096204
614195204
614294204
614393204
614492204
614591204
614690204
614789204
614888204
614987204
615086204
615185204
615284204
615383204
615482204
615581204
615680204
615779204
615878204
615977204
616076204
616175204
616274204
616373204
616472204
616571204
616670204
616769204
616868204
616967204
617066204
617165204
617264204
617363204
617462204
617561204
617660204
617759204
617858204
617957204
618056204
618155204
618254204
618353204
618452204
618551204
618650204
618749204
618848204
618947204
619046204
619145204
619244204
619343204
619442204
619541204
619640204
619739204
619838204
619937204
620036204
620135204
620234204
620333204
620432204
620531204
620630204
620729204
620828204
620927204
621026204
621125204
621224204
621323204
621422204
621521204
621620204
621719204
621818204
621917204
622016204
622115204
622214204
622313204
622412204
622511204
622610204
622709204
622808204
622907204
623006204
623105204
623204204
623303204
623402204
623501204
623600204
623699204
623798204
623897204
623996204
624095204
624194204
624293204
624392204
624491204
624590204
624689204
624788204
624887204
624986204
625085204
625184204
625283204
625382204
625481204
625580204
625679204
625778204
625877204
625976204
626075204
626174204
626273204
626372204
626471204
626570204
626669204
626768204
626867204
626966204
627065204
627164204
627263204
627362204
627461204
627560204
627659204
627758204
627857204
627956204
628055204
628154204
628253204
628352204
628451204
628550204
628649204
628748204
628847204
628946204
629045204
629144204
629243204
629342204
629441204
629540204
629639204
629738204
629837204
629936204
630035204
630134204
630233204
630332204
630431204
630530204
630629204
630728204
630827204
630926204
631025204
631124204
631223204
631322204
631421204
631520204
631619204
631718204
631817204
631916204
632015204
632114204
632213204
632312204
632411204
632510204
632609204
632708204
632807204
632906204
633005204
633104204
633203204
633302204
633401204
633500204
633599204
633698204
633797204
633896204
633995204
634094204
634193204
634292204
634391204
634490204
634589204
634688204
634787204
634886204
634985204
635084204
635183204
635282204
635381204
635480204
635579204
635678204
635777204
635876204
635975204
636074204
636173204
636272204
636371204
636470204
636569204
636668204
636767204
636866204
636965204
637064204
637163204
637262204
637361204
637460204
637559204
637658204
637757204
637856204
637955204
638054204
638153204
638252204
638351204
638450204
638549204
638648204
638747204
638846204
638945204
639044204
639143204
639242204
639341204
639440204
639539204
639638204
639737204
639836204
639935204
640034204
640133204
640232204
640331204
640430204
640529204
640628204
640727204
640826204
640925204
641024204
641123204
641222204
641321204
641420204
641519204
641618204
641717204
641816204
641915204
642014204
642113204
642212204
642311204
642410204
642509204
642608204
642707204
642806204
642905204
643004204
643103204
643202204
643301204
643400204
643499204
643598204
643697204
643796204
643895204
643994204
644093204
644192204
644291204
644390204
644489204
644588204
644687204
644786204
644885204
644984204
645083204
645182204
645281204
645380204
645479204
645578204
645677204
645776204
645875204
645974204
646073204
646172204
646271204
646370204
646469204
646568204
646667204
646766204
646865204
646964204
647063204
647162204
647261204
647360204
647459204
647558204
647657204
647756204
647855204
647954204
648053204
648152204
648251204
648350204
648449204
648548204
648647204
648746204
648845204
648944204
649043204
649142204
649241204
649340204
649439204
649538204
649637204
649736204
649835204
649934204
650033204
650132204
650231204
650330204
650429204
650528204
650627204
650726204
650825204
650924204
651023204
651122204
651221204
651320204
651419204
651518204
651617204
651716204
651815204
651914204
652013204
652112204
652211204
652310204
652409204
652508204
652607204
652706204
652805204
652904204
653003204
653102204
653201204
653300204
653399204
653498204
653597204
653696204
653795204
653894204
653993204
654092204
654191204
654290204
654389204
654488204
654587204
654686204
654785204
654884204
654983204
655082204
655181204
655280204
655379204
655478204
655577204
655676204
655775204
655874204
655973204
656072204
656171204
656270204
656369204
656468204
656567204
656666204
656765204
656864204
656963204
657062204
657161204
657260204
657359204
657458204
657557204
657656204
657755204
657854204
657953204
658052204
658151204
658250204
658349204
658448204
658547204
658646204
658745204
658844204
658943204
659042204
659141204
659240204
659339204
659438204
659537204
659636204
659735204
659834204
659933204
660032204
660131204
660230204
660329204
660428204
660527204
660626204
660725204
660824204
660923204
661022204
661121204
661220204
661319204
661418204
661517204
661616204
661715204
661814204
661913204
662012204
662111204
662210204
662309204
662408204
662507204
662606204
662705204
662804204
662903204
663002204
663101204
663200204
663299204
663398204
663497204
663596204
663695204
663794204
663893204
663992204
664091204
664190204
664289204
664388204
664487204
664586204
664685204
664784204
664883204
664982204
665081204
665180204
665279204
665378204
665477204
665576204
665675204
665774204
665873204
665972204
666071204
666170204
666269204
666368204
666467204
666566204
666665204
666764204
666863204
666962204
667061204
667160204
667259204
667358204
667457204
667556204
667655204
667754204
667853204
667952204
668051204
668150204
668249204
668348204
668447204
668546204
668645204
668744204
668843204
668942204
669041204
669140204
669239204
669338204
669437204
669536204
669635204
669734204
669833204
669932204
670031204
670130204
670229204
670328204
670427204
670526204
670625204
670724204
670823204
670922204
671021204
671120204
671219204
671318204
671417204
671516204
671615204
671714204
671813204
671912204
672011204
672110204
672209204
672308204
672407204
672506204
672605204
672704204
672803204
672902204
673001204
673100204
673199204
673298204
673397204
673496204
673595204
673694204
673793204
673892204
673991204
674090204
674189204
674288204
674387204
674486204
674585204
674684204
674783204
674882204
674981204
675080204
675179204
675278204
675377204
675476204
675575204
675674204
675773204
675872204
675971204
676070204
676169204
676268204
676367204
676466204
676565204
676664204
676763204
676862204
676961204
677060204
677159204
677258204
677357204
677456204
677555204
677654204
677753204
677852204
677951204
678050204
678149204
678248204
678347204
678446204
678545204
678644204
678743204
678842204
678941204
679040204
679139204
679238204
679337204
679436204
679535204
679634204
679733204
679832204
679931204
680030204
680129204
680228204
680327204
680426204
680525204
680624204
680723204
680822204
680921204
681020204
681119204
681218204
681317204
681416204
681515204
681614204
681713204
681812204
681911204
682010204
682109204
682208204
682307204
682406204
682505204
682604204
682703204
682802204
682901204
683000204
683099204
683198204
683297204
683396204
683495204
683594204
683693204
683792204
683891204
683990204
684089204
684188204
684287204
684386204
684485204
684584204
684683204
684782204
684881204
684980204
685079204
685178204
685277204
685376204
685475204
685574204
685673204
685772204
685871204
685970204
686069204
686168204
686267204
686366204
686465204
686564204
686663204
686762204
686861204
686960204
687059204
687158204
687257204
687356204
687455204
687554204
687653204
687752204
687851204
687950204
688049204
688148204
688247204
688346204
688445204
688544204
688643204
688742204
688841204
688940204
689039204
689138204
689237204
689336204
689435204
689534204
689633204
689732204
689831204
689930204
690029204
690128204
690227204
690326204
690425204
690524204
690623204
690722204
690821204
690920204
691019204
691118204
691217204
691316204
691415204
691514204
691613204
691712204
691811204
691910204
692009204
692108204
692207204
692306204
692405204
692504204
692603204
692702204
692801204
692900204
692999204
693098204
693197204
693296204
693395204
693494204
693593204
693692204
693791204
693890204
693989204
694088204
694187204
694286204
694385204
694484204
694583204
694682204
694781204
694880204
694979204
695078204
695177204
695276204
695375204
695474204
695573204
695672204
695771204
695870204
695969204
696068204
696167204
696266204
696365204
696464204
696563204
696662204
696761204
696860204
696959204
697058204
697157204
697256204
697355204
697454204
697553204
697652204
697751204
697850204
697949204
698048204
698147204
698246204
698345204
698444204
698543204
698642204
698741204
698840204
698939204
699038204
699137204
699236204
699335204
699434204
699533204
699632204
699731204
699830204
699929204
700028204
700127204
700226204
700325204
700424204
700523204
700622204
700721204
700820204
700919204
701018204
701117204
701216204
701315204
701414204
701513204
701612204
701711204
701810204
701909204
702008204
702107204
702206204
702305204
702404204
702503204
702602204
702701204
702800204
702899204
702998204
703097204
703196204
703295204
703394204
703493204
703592204
703691204
703790204
703889204
703988204
704087204
704186204
704285204
704384204
704483204
704582204
